15 25 3 16411 16333                                                                
20 29 3 524309 523577                                                              
25 16 3 6777259 16772741                                                           
30 0 3 536870923 536825101                                                         
35 44 3 17179869209 17179775399 8808 10264                                         
40 0 3 549755813911 549754331281 13808 16326                                       
45 107 3 17592186044423 17592185689523 42166 51320                                 
50 24 3 562949953421381 562949940406951 127238 159676                              
55 61 3 18014398509482143 18014398282126429 380632 492696                          
60 16 3 576460752303423619 576460751862321971 591760 754832                        
65 165 3 18446744073709551629 18446744071549645717 1753430 2299248                 
70 107 3 590295810358705651741 590295810373440072427 5220830 6967800               
75 99 3 18889465931478580854821 18889465931253096241939 16877442 21021776          
80 50 3 604462909807314587353111 604462909808374985387659 27124244 31587377        
85 33 3 19342813113834066795298819 19342813113836083132146269                      
90 105 3 618970019642690137449562141 618970019642675226468062993                   
95 293 3 19807040628566084398385987713 19807040628565896978834002803               
100 458 3 633825300114114700748351602943 633825300114115618307313158653            
105 231 3 20282409603651670423947251286127 20282409603651668009875046594057        
110 109 3 649037107316853453566312041152659 649037107316853453471981107817253      
115 63 3 747167820096974664252379794779774041 747167820096974663210098454956924673 
