15---------------                                                              
1013 6980                                                                      
13666 1028                                                                     
1165 8047                                                                      
11516 7432                                                                     
14428 1388                                                                     
10232 9969                                                                     
3917 6396                                                                      
2396 14713                                                                     
7679 7708                                                                      
10532 5441                                                                     
20-------------                                                                
435211 480211                                                                  
479030 289704                                                                  
187581 243468                                                                  
476916 324503                                                                  
70633 448843                                                                   
17704 380875                                                                   
64161 204536                                                                   
213499 22430                                                                   
194437 162259                                                                  
169087 252670                                                                  
25------------                                                                 
6258492 10195372                                                               
9552010 12596253                                                               
6438201 4802693                                                                
7412081 1298357                                                                
13581127 9007185                                                               
4385264 16529487                                                               
2697168 14390073                                                               
5361201 1162828                                                                
6452168 7840351                                                                
8649138 10455636                                                               
30-------                                                                      
34761134 45391629                                                              
344765475 276286865                                                            
40596944 526860748                                                             
428761603 207616848                                                            
28842569 173782721                                                             
510553512 408124161                                                            
318278303 202428019                                                            
22280792 269720053                                                             
282697062 309641467                                                            
532301377 453587364                                                            
35---------------                                                              
12512578946 10364298581                                                        
15399972163 1426648396                                                         
14517401967 5669812597                                                         
9141825794 13637913101                                                         
16751217174 964300616                                                          
15122304866 16746551849                                                        
4992334619 12401266131                                                         
1390247658 13391072589                                                         
1523517313 5472105893                                                          
4396826849 11815088650                                                         
40--------------                                                               
202104615130 358212727378                                                      
419957106698 534381330570                                                      
295197454003 544970482205                                                      
547088543726 477578470334                                                      
57045823110 318827101813                                                       
435661556994 275266320953                                                      
513790111195 430876339488                                                      
182891940701 56109609172                                                       
26358858137 25802631171                                                        
280124703515 230116777769                                                      
45----------                                                                   
13866273186042 10005012733734                                                  
16656317377205 492271805603                                                    
12315066707320 7185836845642                                                   
14254837272992 3652968479666                                                   
14757420594287 13111029662442                                                  
1137190243227 13097930058658                                                   
16013832859832 11952140825259                                                  
3900942941816 8411296535633                                                    
14813713066276 12227338572858                                                  
14987119673985 13907892206012                                                  
50-----------------                                                            
367839842416761 144657338380078                                                
461796339469383 55303258702306                                                 
173017731790385 514924283796110                                                
60143594379119 117031672834104                                                 
385930402827390 103049491016336                                                
539484432579851 12062369818709                                                 
424968045595371 292747129857366                                                
459782131336371 197011836411302                                                
486181496733752 333143047584895                                                
408383842084352 245331642709162                                                
55--------------------------                                                   
7415789658613913 6429880921570006                                              
3974678751986076 13198826769558905                                             
2327146696082858 14562906365256494                                             
15161093210166812 13554223512385222                                            
4752487220546799 7014678476073937                                              
14289163272204712 13137045080569677                                            
6246220997831378 8385732191360146                                              
13739114548046336 6161388933280301                                             
5701992327734951 7795680475539716                                              
4575451703808630 3269107430749252                                              
60------------------------------                                               
479832466308042914 37503871968264971                                           
281204338391495004 157818784220563890                                          
177195319988513840 261671736163209778                                          
322657607459069590 139345343696002860                                          
553211035155376198 69934144023122                                              
134819038268602462 448984781715315445                                          
103419186629153453 32041549602646989                                           
281620354639714383 361249636760278265                                          
346856669863010622 444374163253715381                                          
519453034783968297 196241425894121264                                          
65----------------------------                                                 
6656281509205855833 11691718293733492107                                       
10648061045809755509 16153061817826179727                                      
18026753619869344889 16422977850097490898                                      
4294366880593365531 16143149538278281273                                       
8439543755389340055 1197384672755825578                                        
3644326784074990835 2563122658047981455                                        
10592968680739443600 16601542493532720400                                      
3481931301042539026 2056881905503324734                                        
5061191430032785252 6887517984952953732                                        
6638578233450806754 14463723184551853967                                       
70-----------------------------------                                          
317884206902998019255 520225415400199752776                                    
573199286724132390149 59698170120217217798                                     
462806734088546531865 540387734502752536593                                    
450236079499621878592 548584747208197124680                                    
491429065359722490324 42170308592416925015                                     
121872101912014081566 308054937993784143310                                    
506861481541838346889 279203521344409110007                                    
534772005855557228708 99327025076206662073                                     
213225630492435417322 445554125498265201455                                    
399994082366367900919 198265556054344917434                                    
75-------------------------------------                                        
2457702269957787808043 83298856999732248876                                    
10856932899390567480080 10555663422318824365989                                
7532926532281042746945 15571573589037609219400                                 
13897655402520056490060 8471507397399531002010                                 
1498767773660525141431 10863334209636294734838                                 
16752349669008715790423 4825178840168927156284                                 
4084168711649345317604 14313022570908438691638                                 
14793226551096266135431 8654022628233889896873                                 
5500190343339591195418 8023056383525523347514                                  
9921068771162561529099 11138080934038326709184                                 
80-----------------------------                                                
508609718337880987315612 35236294246115989952504                               
98895992619799874542683 412099810733684283380024                               
141490513158213102761231 149912362114248598696360                              
428286113570249443535697 109961954174868475363198                              
362614644478946680613513 378449851360184249032079                              
365502906805878672407218 2006759351820582333967                                
192013414554552680919800 49429520552204305537336                               
241913571079680780326811 369102026113402988723612                              
115753776950550597819458 282900420357151488312606                              
359886595177257064697291 245941956559447089371906                              
85---------------------                                                        
17745567569527303196375855 16129508798690686254772773                          
7521728240902989760989728 16152187336551615432676456                           
643812383362527064050532 4756381002518690979048395                             
1793621991652607988867331 6778385891649348549682647                            
6991617984973391690069011 11115273404556786785417597                           
3552969836702540125664541 13825077956922353303625878                           
10728434106630824269775821 1874281831107228278901104                           
18645456799031960683237654 13230116609543511867718819                          
1790012539014667902290639 11268214991304813481290273                           
7279775008724777265697435 14190723789791070139816558                                                   
90--------------------                                                         
213269295343053088547014098 483060489367056467733653745                        
313563453204443899007122227 28746748084576876341169693                         
594093835038532016761643775 347995889304628989227905454                        
312049667145595588341277180 354254952832844471809933423                        
143785911546308578114884782 429928571392790330411911652                        
350706177559197712801580038 326024400041738455843875754                        
71990425255045768730735912 300023222478761373481204224                         
370939591375928634890877859 404757479841963140334407352                        
523166989859567707962218506 32422653018865973176125663                         
367478527254898440340762018 520726270191264143906896935                        
95--------------------                                                         
8672040768340755604733514884 9409650402218913269649418598                      
7571192551770588035869247832 6270655960115152403706316829                      
13907084293707231416278775589 11348434023015526320884218032                    
3671396293324735212956697827 12444145913549437421330969912                     
3598585666387364673584530284 10987904024836020511814005748                     
15932055800686004564499613761 13089198571041506381016723748                    
19310217535228353293751587922 2967874074336327386686609271                     
17155036771310171389178383731 18900135346237198903024630854                    
9826276910872536491575404166 13696312701486152962918931304                     
18294870770313859523355096743 1759465495488307674788839264                     
100-------------------                                                         
521332486869491823677401486363 245511401061072933685375598482                  
387084959537050156985568153862 307989722086443531959662036558                  
541477410345786724367096813466 615385668069237650732135980011                  
277440555660143514296312639615 207721975743201877142908021634                  
526711522493653306942434913786 25889627751706358843826789336                   
315597792592589270032041088046 546002240763375990869168864165                  
297944022868160607990729495943 40110528431894616317146949439                   
299116390197566420491191096192 19762062328104856630125542218                   
31843974739969832294824656864 10489098381618552252464718676                    
454173058155147895584152740822 194405006051570922732367603652                  
105-------------------                                                         
19542362630811551551417574367968 4515260964755292004670844912400               
16041302173368770143857878229426 4993706019557379246550781192003               
3919890219682635553347673123897 12305673262111794930759515981100               
16627079337957403462732758803689 5308650719209753315549296477526               
1128413981486975690151507408787 12411202510539661890004707308606               
300878824078328868045573922831 1852329308408723512620072434119                 
15953097379887324771108078581331 11705040984478016834779421477069              
6631860756517084992738745647861 16986924761808478790038805530227               
18281611087572200155976055764289 17372221129336370517015154398324              
15958861318330894458469970606432 17155094549358376989643454255049              
110------------------                                                          
41959423690983074749329787991297 210937260083206619887745027971033             
146873541423721875396269093785813 119624918211121531378129380027554            
647106866464228848968417287326879 611882193976870625702633789348894            
578962443123569893151615031612379 108499829387737931849414796519968            
389783958827954015845665603704912 479586842813246826564460669990034            
606209210427657437395525665756813 392674454713355960468713749115175            
128343905580808929611735928647410 264291463391859172785825074347126            
638900640372514141501981194360930 444174939682006876617635365091351            
219319918199987423778582535952920 140703880204405552135752122825892            
346765912324973479509665046670895 533834759440347439780022273664838            
115-------------------                                                         
520279532321811040101260158350178456 342565337628221281665095992658423268      
531594141265126602484525889709370689 537235874652404446222547186744718114      
369463763891240942583368204976062477 297755424038229289388421350877938195      
260297639890469779295016396536015396 86169598108163540755949165420072712       
318724666559163749898425118085103822 469210139272970857355232099372084447      
592558491137537301416377436499161283 729728031126332598230481975062084235      
273810457467434227952055799476009144 141489813180270675944406743224068458      
431814798615113065282169190959158805 190742123176403011484405047971583166      
150828818089062031150328387108322814 270099167044158927572433466220723335      
432811991013579728900762402013851115 377645902169802738085400191367313200      
